3158
5038
1374
5573
5413
2605
4986
7256
355
5209
7144
7015
4647
1495
906
4012
46
2494
1503
1637
6060
2245
3117
1755
5033
305
4905
1674
5849
2718
7393
7305
7110
1381
2238
5571
434
4577
6279
619
5610
4458
4664
1361
6579
854
4173
5860
7478
6358
67
3309
583
607
3826
5123
1018
5338
3434
7363
3947
528
2396
6662
3404
7432
6748
2014
7372
6448
2504
2735
2235
582
1974
1696
2346
7080
995
5727
4641
5487
5174
6880
7465
7326
1611
3071
3789
5211
1171
2147
5210
529
3930
4404
6473
6564
6496
4526
3985
680
1894
1081
4422
6102
1980
5253
5837
5744
2639
379
3331
2262
6265
1066
1857
6842
6214
295
6478
4242
2280
5772
2742
412
619
4750
2219
3615
686
7100
5668
6888
6198
688
1905
6590
3928
5340
4274
2265
6683
2720
5321
5944
3936
1417
5086
6580
2861
6804
3423
957
3606
216
4406
1241
5233
898
3006
2699
4231
2611
6554
2265
1945
7327
4484
7342
583
5591
6983
927
6539
4022
3159
688
7465
4508
4075
1238
4100
6029
1229
5062
444
2168
1798
5916
5437
5753
3667
5820
7451
3017
516
115
6453
1122
3643
289
4468
7450
1139
6468
755
6749
4808
944
3813
4784
637
7226
6542
6652
7019
5124
7097
3768
317
4305
4667
2245
2667
5764
2408
768
3970
7190
6117
2399
5080
5362
3088
5657
6996
6275
1093
1774
1818
1515
2057
2149
2414
6853
6965
3852
6991
4306
7298
3346
3076
6222
1640
3024
5707
470
1443
1341
2586
5498
2169
4298
1159
40
1469
468
4219
7160
1930
3129
5933
1341
5180
3421
4266
3915
562
1815
6455
7167
5717
838
4213
2045
3313
57
2411
1374
5742
4355
5838
2946
5628
829
7178
5127
3919
615
1963
4567
2146
6064
6422
1023
108
1775
3312
5953
2762
2761
2005
5904
3086
2324
2683
1929
3941
7439
6265
3432
1436
3467
3369
3187
1566
3447
5144
2074
290
6503
1690
7200
7454
2457
1080
7315
7188
4535
7422
6654
1241
2014
1170
1362
675
1877
1511
1606
1993
6298
211
3603
5047
3085
6291
3067
4730
7377
906
5647
4064
6269
4627
7426
4046
6201
6422
3981
2243
4195
6396
2635
6236
5842
4241
3604
6800
509
3321
918
5480
6016
3966
6602
3018
6126
4061
4620
3102
6351
1473
4087
3432
6097
5836
5503
4752
7475
435
4109
3466
2488
4487
3795
3889
1328
3039
2533
360
906
5547
7305
924
180
751
6522
2045
4530
3579
5073
272
4547
2242
1922
451
2012
5228
6232
3462
6240
758
6373
4154
5347
6785
5904
6591
2407
993
2018
710
4277
6088
4248
1504
6867
769
3940
787
6472
2125
7025
2449
2563
3906
6986
7392
2783
3202
4864
1936
7487
2457
1303
2256
1460
3289
486
201
2224
2459
2317
5524
4358
3444
1682
671
7132
3017
3385
5382
6157
6736
5775
5868
4027
5388
6989
6804
6450
7017
7112
3871
1119
6095
918
1913
2718
5360
4378
6826
400
1456
3175
5023
4300
1820
845
3037
6198
5506
7017
5144
1248
4614
3789
5193
6961
5824
5752
5807
3397
3168
637
1539
4376
6134
4281
5052
2339
7148
7222
7154
2495
1062
4857
888
2090
7016
3690
7357
4240
4341
5969
2285
1491
592
5935
3412
2939
6601
6032
2773
2841
7158
3489
3815
7300
491
7339
1860
626
1640
3691
7177
2216
3740
5780
1062
339
2756
5963
1846
2196
4616
2703
4160
1031
6602
2610
4430
1600
2409
3934
6850
3463
5910
2690
632
7008
4251
4635
443
4891
4634
3096
6289
7320
2823
1562
4278
2922
4526
2490
1122
5307
4377
2352
7489
7146
124
3677
4176
5940
4917
3907
2572
5656
3303
4851
5049
5088
1554
6964
1300
2601
1911
120
4365
733
5492
5354
840
1774
5768
388
216
3878
7000
6450
6938
7465
465
6957
6330
7127
6420
5018
3873
4819
980
1412
6701
3380
2446
2290
1730
7050
5295
2520
7185
2088
1893
5302
5258
5943
7110
202
515
7002
7372
6851
7186
4901
1355
3103
734
1171
347
3994
2133
1163
5691
6695
3086
4650
6780
4257
1436
1635
686
7185
2741
4352
2789
86
3935
3322
2637
6922
7185
6164
6369
3745
4345
836
5774
469
4398
698
2013
2339
3310
6963
1481
4792
1551
3970
7346
5969
7279
5495
5932
2510
3091
7134
6056
6810
5616
7149
6821
6443
2247
682
482
2088
5316
2083
1865
995
4976
234
4449
158
932
3565
1613
6558
6164
5079
3062
5335
5381
440
56
3412
7342
5657
1445
6180
2497
2000
1733
1584
2778
3977
3095
6050
797
1039
4700
7256
7399
4274
199
4224
3106
5716
790
4679
2754
5939
6595
372
3537
3426
7232
2796
5773
3275
6060
7000
6753
2087
6316
2790
5823
4731
5540
7022
6994
6369
3314
1124
4855
1589
2519
6746
7429
2179
4796
1714
5532
1091
1636
5836
6276
7186
6346
2385
5459
5121
6610
4412
7016
7204
7065
904
318
453
2700
1496
4650
6738
5842
5124
3015
2413
6587
5825
4032
4359
2614
6095
5765
5293
6872
2996
6045
2166
5884
6971
6026
7104
5069
1823
2238
3763
7030
2428
2991
3444
5087
3878
1063
1439
2993
7202
4360
3050
2423
2107
3979
2512
3557
5588
5444
2439
5616
7050
1642
4380
3296
5905
3553
1894
1896
5607
5020
4207
6252
1177
6924
7050
3251
7090
3427
6520
2707
5226
3953
6624
4529
1136
829
5500
3399
581
3360
2365
6974
5117
6151
6607
4196
1263
5735
4335
1213
851
522
5849
7240
581
6964
3349
806
1222
114
7002
3189
3434
904
4451
5521
2478
1437
199
5055
4616
1078
7167
3147
6602
1042
544
6597
810
1059
5632
6812
6778
2930
7021
2970
982
906
187
5959
1676
488
7192
240
3727
3015
4683
2446
766
4954
1828
473
7179
5231
6789
2270
633
5472
671
3911
3148
6244
5866
4447
4767
888
4438
2206
2715
5773
5678
4119
6191
1690
3433
3212
1171
4614
6024
7102
5440
1952
1741
1993
3840
3098
6319
6427
1947
4954
6056
307
6881
2108
3294
5941
5688
1507
138
4768
5678
1291
3144
5770
6014
3543
942
3314
3767
1864
5142
4430
3205
3040
1929
1932
1696
3745
3186
6692
274
2649
695
6151
1453
4603
4579
4131
2796
28
7072
2394
1434
3036
490
1691
359
865
2425
1412
2296
6674
2309
243
2240
6027
7487
2191
3946
4833
3970
755
3074
355
798
6619
3914
5601
7171
5809
4927
7016
5820
5657
3237
5608
6904
6580
3346
6075
4021
157
6782
3405
2082
3343
2048
4607
7334
6387
7150
1801
5208
171
6933
6550
5515
511
5163
2339
6997
151
516
5124
1270
5575
3403
1279
4694
5199
7084
1429
3192
4645
6155
1602
4778
6242
920
1913
3418
3650
1817
5658
3745
924
3414
2974
3631
3285
7351
1611
7163
7036
5874
1800
906
1612
4057
3849
6633
4442
4919
2459
6120
6879
3087
919
5278
3259
3717
5047
1982
2863
1450
6699
418
4150
5701
795
4795
2216
3594
2847
6916
4956
2264
1288
648
5674
2808
1293
1026
6489
7379
4532
13
1571
3534
6016
3061
7481
5503
6026
1799
3954
601
6775
6848